   10.0000   10.9091   11.8182   12.7273   13.6364   14.5455   15.4545   16.3636   17.2727   18.1818   19.0909   20.0000
   10.9091   11.8182   12.7273   13.6364   14.5455   15.4545   16.3636   17.2727   18.1818   19.0909   20.0000   20.9091
   11.8182   12.7273   13.6364   14.5455   15.4545   16.3636   17.2727   18.1818   19.0909   20.0000   20.9091   21.8182
   12.7273   13.6364   14.5455   15.4545   16.3636   17.2727   18.1818   19.0909   20.0000   20.9091   21.8182   22.7273
   13.6364   14.5455   15.4545   16.3636   17.2727   18.1818   19.0909   20.0000   20.9091   21.8182   22.7273   23.6364
   14.5455   15.4545   16.3636   17.2727   18.1818   19.0909   20.0000   20.9091   21.8182   22.7273   23.6364   24.5455
   15.4545   16.3636   17.2727   18.1818   19.0909   20.0000   20.9091   21.8182   22.7273   23.6364   24.5455   25.4545
   16.3636   17.2727   18.1818   19.0909   20.0000   20.9091   21.8182   22.7273   23.6364   24.5455   25.4545   26.3636
   17.2727   18.1818   19.0909   20.0000   20.9091   21.8182   22.7273   23.6364   24.5455   25.4545   26.3636   27.2727
   18.1818   19.0909   20.0000   20.9091   21.8182   22.7273   23.6364   24.5455   25.4545   26.3636   27.2727   28.1818
   19.0909   20.0000   20.9091   21.8182   22.7273   23.6364   24.5455   25.4545   26.3636   27.2727   28.1818   29.0909
   20.0000   20.9091   21.8182   22.7273   23.6364   24.5455   25.4545   26.3636   27.2727   28.1818   29.0909   30.0000
